[[[162  74  33]
  [169  80  45]
  [163  72  48]
  ...
  [122  66  51]
  [122  66  51]
  [122  66  51]]

 [[166  77  35]
  [165  77  41]
  [166  78  54]
  ...
  [122  66  51]
  [122  66  51]
  [122  66  51]]

 [[167  78  38]
  [162  73  39]
  [174  90  66]
  ...
  [122  66  51]
  [122  66  51]
  [122  66  51]]

 ...

 [[ 23  10   4]
  [ 21   8   2]
  [ 20   7   1]
  ...
  [151  77  42]
  [151  77  42]
  [150  76  41]]

 [[ 23  10   4]
  [ 21   8   2]
  [ 20   7   1]
  ...
  [151  77  42]
  [151  77  42]
  [151  77  42]]

 [[ 25  12   6]
  [ 23  10   4]
  [ 21   8   2]
  ...
  [151  77  42]
  [151  77  42]
  [151  77  42]]]