[[[ 25  12   6]
  [ 23  10   4]
  [ 22   9   3]
  ...
  [151  77  42]
  [150  76  41]
  [150  76  41]]

 [[ 23  10   4]
  [ 21   8   2]
  [ 20   7   1]
  ...
  [150  76  41]
  [150  76  41]
  [149  75  40]]

 [[ 23   8   1]
  [ 22   7   0]
  [ 22   7   0]
  ...
  [149  76  43]
  [149  76  43]
  [149  76  43]]

 ...

 [[219 154  86]
  [219 154  86]
  [203 139  68]
  ...
  [247 166 103]
  [247 165 105]
  [247 165 105]]

 [[138  66  28]
  [117  45   5]
  [ 76   5   0]
  ...
  [239 164  96]
  [239 166  98]
  [239 165 100]]

 [[ 71   0   0]
  [ 95  23   0]
  [121  50   6]
  ...
  [237 169  94]
  [238 170  97]
  [238 170  97]]]