[[[184 115  46]
  [216 148  77]
  [239 171 100]
  ...
  [235 168  89]
  [236 169  90]
  [235 170  90]]

 [[241 176  82]
  [248 183  89]
  [246 181  89]
  ...
  [235 166  88]
  [236 167  90]
  [236 167  90]]

 [[229 167  58]
  [216 154  45]
  [214 151  45]
  ...
  [244 165  98]
  [245 166 100]
  [245 167 101]]

 ...

 [[231 132  64]
  [226 128  55]
  [228 128  50]
  ...
  [217 137  42]
  [217 137  42]
  [217 137  40]]

 [[233 136  65]
  [232 134  59]
  [232 132  54]
  ...
  [216 137  42]
  [216 137  42]
  [216 137  42]]

 [[235 137  62]
  [234 137  60]
  [235 134  56]
  ...
  [215 136  43]
  [215 136  43]
  [215 136  41]]]