[[[238 138  62]
  [238 138  60]
  [238 137  59]
  ...
  [212 136  42]
  [212 136  42]
  [212 136  42]]

 [[241 140  60]
  [241 140  60]
  [242 139  60]
  ...
  [211 134  42]
  [211 134  42]
  [211 135  41]]

 [[243 141  59]
  [244 142  60]
  [244 142  60]
  ...
  [210 133  41]
  [209 134  41]
  [209 134  41]]

 ...

 [[ 10   5   1]
  [ 11   6   2]
  [ 13   8   4]
  ...
  [  1   0   0]
  [ 10   6   3]
  [ 23  20  15]]

 [[ 10   5   1]
  [ 12   7   3]
  [ 14   9   5]
  ...
  [  1   0   0]
  [ 15  11   8]
  [ 34  29  25]]

 [[ 10   5   1]
  [ 12   7   3]
  [ 14   9   5]
  ...
  [  1   0   0]
  [ 20  16  13]
  [ 43  38  34]]]